, TMP , DPT , RH , UGRD , VGRD ,,,, GUST , TCDC , TCDC , TCDC , PRMSL , CPRAT , PRATE , APCP , ACPCP , CRAIN , CFRZR , CICEP , CPOFP , CSNOW , SNOD , LFTX , CAPE , HGT , HGT , HGT , HGT , HGT , ICEC , TMP , TMP , TMP , ABSV , ABSV , ABSV , ABSV , VIS , PEVPR , VWSH , SUNSD 
, 2_m_above_ground , 2_m_above_ground , 2_m_above_ground , 10_m_above_ground , 10_m_above_ground ,,,, surface , low_cloud_layer , middle_cloud_layer , high_cloud_layer , mean_sea_level , surface , surface , surface , surface , surface , surface , surface , surface , surface , surface , surface , surface , tropopause , 500_mb , 700_mb , 850_mb , 1000_mb , surface , 500_mb , 700_mb , 850_mb , 500_mb , 700_mb , 850_mb , 1000_mb , surface , surface , tropopause , surface 
 2019-02-04 03:00:00 ,12.676,9.785,82.5187,-11.3966,21.9265,24.7114,152.534,SE,33.1201,14,100,100,1013.11,0,5e-05,0.5625,0,1,0,0,0.699994,0,0,2.15316,32,10179.6,5548.62,2996.85,1451.53,110.847,0,-22.92,-6.65,3.822,2.55465e-05,0.000151224,0.000163347,-6.67693e-05,18300,27.3486,-0.000546298,0
 2019-02-04 06:00:00 ,12.449,9.071,80.2107,-7.93584,3.50068,8.67365,113.798,E,10.8525,8,100,100,1013.46,0,3e-05,0.625,0,1,0,0,65.1,0,0,2.2,0,10339.9,5551.96,3004.65,1455.9,112.935,0,-23.628,-5.878,4.126,8.66661e-05,2.61445e-05,8.70408e-05,-4.78888e-06,5200,2.41085,-0.00356454,0
 2019-02-04 09:00:00 ,14.229,11.05,81.2,-14.6388,8.47602,16.9156,120.067,SE,24.1207,0,100,100,1013.98,9e-06,1e-05,0.125,0.125,1,0,0,-21.6,0,0,-0.38362,209,10144.8,5559.09,3013.87,1463.06,117.283,0,-23.25,-6.751,4.53,4.22958e-05,5.12512e-05,0.000147131,0.000249235,19100,126.412,-0.00164384,3
 2019-02-04 12:00:00 ,14.043,11.25,83.2,-21.5322,7.76092,22.8882,109.816,E,34.2382,37,100,100,1013.26,0.000146,0.0002,4.25,3.1875,1,0,0,0.0999939,0,0,-0.63924,266,10047.1,5558.63,3012.71,1462.59,116.702,0,-23.315,-6.811,4.588,5.82198e-05,7.11899e-05,0.000101345,-0.000106861,9000,90.3536,-0.00111753,6
 2019-02-04 15:00:00 ,14.195,10.15,76.5,-14.0803,-12.7096,18.9681,47.9192,NE,27.728,67,100,100,1012.43,0.000195,0.00022,2.375,2.125,1,0,0,33.9,0,0,0.458437,106,9873.86,5556.5,3009.96,1460.8,112.33,0,-23.297,-6.826,4.644,0.000110283,4.01141e-05,0.000102196,0.000113988,4400,76.8563,-0.000274521,3
 2019-02-04 18:00:00 ,13.425,9.25,76,-12.0567,-12.146,17.114,44.7784,NE,19.4975,33,69,96,1012.96,9.9e-05,0.00011,2.4375,2.125,1,0,0,24.1,0,0,1.03824,27,9888.02,5565.08,3019.6,1468.83,116.634,0,-23.851,-6.942,5.522,5.11951e-05,1.90289e-06,-0.000159915,8.29234e-05,7200,14.2323,0.000499646,4.125
 2019-02-04 21:00:00 ,13.27,10.55,83.6,-7.69507,-20.5789,21.9706,20.4905,N,36.0277,0,6,100,1013.24,0,0,0,0,0,0,0,-50,0,0,-0.502667,128,9852.4,5571.99,3025.43,1472.35,114.198,0,-24.145,-6.307,6.171,6.06841e-05,4.44907e-05,0.000143481,0.000247408,24100,6.49986,-3.44299e-05,0
 2019-02-05 00:00:00 ,13.115,10.35,83.2,-13.4609,-16.4777,21.277,39.2355,NE,29.9114,0,49,100,1013.23,0,0,0,0,0,0,0,-50,0,0,-0.2,57,9774.58,5572.23,3025.5,1471.6,114.404,0,-24.113,-5.844,5.855,9.06191e-05,6.21046e-05,3.79503e-05,0.000204272,24100,8.95507,0.000998263,0
 2019-02-05 03:00:00 ,13.041,10.15,82.7,-8.82356,-18.8856,20.8452,25.0311,NE,27.736,0,98,100,1012.44,0,0,0,0,0,0,0,-50,0,0,0.447247,57,9648.85,5563.78,3019.35,1466.03,109.202,0,-23.826,-6.211,6.206,3.25532e-05,6.21665e-05,4.65152e-05,0.000226732,21900,13.3514,0.00250976,0
 2019-02-05 06:00:00 ,12.776,9.65,81.1,-4.10296,-36.8824,37.1099,6.33494,N,50.0717,0,94,97,1013.19,0,0,0,0,0,0,0,-50,0,0,1.83233,0,9787.02,5570.22,3020.74,1465.68,112.787,0,-23.163,-5.602,6.66,4.83303e-05,2.71348e-05,2.08512e-05,0.000362003,18800,32.7628,0.000197983,0
 2019-02-05 09:00:00 ,13.952,8.95,71.5,-13.9078,-40.6289,42.9434,18.8849,N,59.4137,0,74,94,1014.51,0,0,0,0,0,0,0,-50,0,0,2,0,9830.01,5579.72,3029.85,1472.34,118.41,0,-23.147,-5.434,6.973,0.000166611,4.87187e-05,-3.60203e-05,0.000244505,19200,204.209,-0.00151724,3
 2019-02-05 12:00:00 ,14.147,8.55,69,-10.0383,-36.8845,38.2261,15.2125,N,54.4529,0,74,96,1014.12,0,0,0,0,0,0,0,-50,0,0,2.3,0,9996.9,5577.49,3026.47,1468.04,117.127,0,-23.184,-5.473,7.429,0.000213905,-1.48383e-06,-5.11052e-05,0.000235527,21000,251.758,-0.000238995,6
 2019-02-05 15:00:00 ,13.182,8.35,72.6,-3.15557,-39.7346,39.8597,4.52776,N,54.4396,0,29,87,1013.8,0,0,0,0,0,0,0,-50,0,0,3.93773,0,10435.5,5574.21,3020.94,1464.14,119.151,0,-22.384,-6.008,7.316,6.1651e-05,4.26899e-05,2.33209e-05,0.000222495,24100,156.073,-0.00123034,3
 2019-02-05 18:00:00 ,11.883,8.25,78.4,-0.342,-43.2587,43.26,0.439741,N,59.7794,0,18,94,1014.04,0,0,0,0,0,0,0,-50,0,0,5.13922,0,10251.7,5578.65,3023.09,1463.02,119.584,0,-21.979,-5.55,7.47,2.81069e-05,2.9857e-05,1.69142e-05,0.000234043,24100,70.91,0.00160998,4.12583
 2019-02-05 21:00:00 ,11.83,8.15,78.3,-0.189466,-44.7376,44.738,0.229408,N,60.8414,0,16,100,1013.18,0,0,0,0,0,0,0,-50,0,0,5.10457,0,10344.3,5575.97,3017.39,1457.02,115.059,0,-22.224,-4.592,6.336,1.18604e-05,7.75231e-05,0.000141051,0.000242301,24100,68.5021,0.00490873,0
 2019-02-06 00:00:00 ,12.296,8.35,76.7,3.11569,-48.7937,48.8931,356.359,N,64.0818,0,49,100,1012.03,0,0,0,0,0,0,0,-50,0,0,4.1,0,10259.3,5564.23,3004.48,1442.63,101.776,0,-22.524,-4.358,6.071,0.000139438,0.000104887,0.000223682,0.000335411,24100,89.1577,-0.0006172,0
 2019-02-06 03:00:00 ,12.397,8.05,74.6,-0.00261035,-47.8577,47.8577,-0.0101337,N,64.8828,24,95,95,1011.31,0,0,0,0,0,0,0,-50,0,0,3.92843,0,10226.9,5545.63,2996.3,1435.56,92.4979,0,-22.818,-5.959,6.764,0.000179061,0.000172493,0.000158587,0.000300051,24100,104.549,0.000158572,0
 2019-02-06 06:00:00 ,12.331,7.35,71.6,-2.70971,-44.429,44.5116,3.47713,N,60.4829,51,94,98,1012.21,0,0,0.0625,0,0,0,0,-47.2,0,0,4.30768,0,10110.5,5542.17,2992.99,1444.06,101.387,0,-23.24,-6.604,5.92,0.000191181,0.000197709,6.61598e-05,0.000306296,24100,114.306,-0.00156276,0
 2019-02-06 09:00:00 ,12.376,7.55,72.2,-4.25722,-42.7464,42.9579,5.67463,N,56.5625,54,100,100,1013.89,0,3e-05,0.25,0,1,0,0,1.99999,0,0,4.10092,0,10080.6,5541.32,2996.09,1452.43,114.711,0,-23.518,-7.521,4.45,0.000180853,0.000122772,8.44651e-05,0.000268865,20400,147.79,-0.010249,2.93333
 2019-02-06 12:00:00 ,13.536,7.15,65.1,-10.5933,-33.3359,34.9786,17.617,N,45.7326,61,99,98,1014.32,0,2e-05,0.4375,0,1,0,0,1.39999,0,0,4.02012,1,10054.5,5537.33,2994.78,1452.99,116.33,0,-23.218,-7.817,3.155,0.000164995,0.00028658,0.000246743,0.00029328,21900,211.579,-0.00718212,5.93333
 2019-02-06 15:00:00 ,12.694,7.302,69.7,-11.8574,-30.3577,32.5912,21.3234,N,43.2382,61,100,100,1014.37,0,2e-05,0.1875,0,1,0,0,4.29999,0,0,4.19499,0,10084.3,5534.51,2993.95,1453.39,120.33,0,-23.533,-7.622,2.649,0.000111736,0.000241752,0.000226237,0.000258659,18700,116.2,-0.00212639,3
 2019-02-06 18:00:00 ,12.216,6.88,69.7,-1.32605,-29.4069,29.4368,2.56883,N,41.0414,52,95,86,1015.4,0,2e-05,0.3125,0,1,0,0,61.9,0,0,5.08812,0,10247.9,5537.91,2999.03,1461.68,130.274,0,-23.302,-7.75,1.282,7.16677e-05,0.000237342,0.000190179,0.00025712,7700,67.0712,0.001626,4.24556
 2019-02-06 21:00:00 ,12.168,6.95,70.2,2.1597,-27.869,27.9525,355.582,N,36.8474,17,8,43,1016.39,0,0,0,0,0,0,0,-50,0,0,5.92669,3,10195.1,5545.65,3004.13,1469.51,137.923,0,-22.433,-8.324,0.915,2.61843e-05,0.000225811,0.000123207,0.000260013,24100,50.3204,0.00278892,0
 2019-02-07 00:00:00 ,12.026,6.75,69.8,4.19994,-24.9128,25.2643,350.443,N,32.8232,38,31,60,1016.35,0,0,0,0,0,0,0,-50,0,0,6.09311,0,10124.4,5541.01,3001.76,1467.62,136.82,0,-22.55,-8.45,1.346,0.000245059,0.000204474,0.000160663,0.000226028,24100,59.4699,-0.000338071,0
 2019-02-07 03:00:00 ,11.676,6.15,68.9,1.76903,-20.8505,20.9254,355.163,N,28.085,61,33,84,1016.07,0,0,0,0,0,0,0,-50,0,0,6.38641,0,10195.5,5536.99,2999.49,1463.46,132.815,0,-22.884,-8.262,1.761,9.42607e-05,0.000190691,0.000211548,0.000188368,24100,44.5318,-0.0046423,0
 2019-02-07 06:00:00 ,10.94,5.95,71,5.02618,-17.8273,18.5223,344.267,N,24.1256,33,16,57,1016.99,0,0,0,0,0,0,0,-50,0,0,7.01472,0,10435.2,5543.57,3005.69,1471.7,141.61,0,-22.837,-8.416,1.505,0.000119057,0.000140265,0.000243067,0.000158315,24100,16.9224,-0.00273311,0
 2019-02-07 09:00:00 ,12.64,6.45,65.9,0.583592,-16.2898,16.3003,357.961,N,19.8352,0,0,0,1017.77,0,0,0,0,0,0,0,-50,0,0,6.07385,0,10534.5,5552.82,3013.67,1478.2,147.977,0,-22.734,-8.128,1.609,0.000163392,0.000117132,0.000171132,0.000190197,24100,204.929,-0.00253233,3
 2019-02-07 12:00:00 ,13.937,6.45,60.4,0.7213,-14.5269,14.5448,357.17,N,17.28,0,0,0,1017.74,0,0,0,0,0,0,0,-50,0,0,6.08767,0,10483.7,5552.55,3013.75,1479.48,146.516,0,-22.468,-8.543,1.513,0.000182023,0.000131867,0.000145268,0.000183157,24100,296.577,-0.000773483,6
 2019-02-07 15:00:00 ,13.469,6.378,62,-3.55476,-16.0366,16.4258,12.4861,N,19.1433,0,0,0,1017.65,0,0,0,0,0,0,0,-50,0,0,5.85164,0,10399.5,5553.93,3014.25,1479.19,145.728,0,-22.828,-8.547,1.858,0.000145523,0.000139608,0.000155105,0.000145349,24100,128.129,0.000516934,3
 2019-02-07 18:00:00 ,11.301,5.65,67.8,-2.55001,-18.0023,18.182,8.04957,N,24.923,0,0,0,1018.58,0,0,0,0,0,0,0,-50,0,0,7.02332,0,10553.1,5562.98,3020.68,1485.87,155.011,0,-23.051,-8.74,1.837,0.00014689,0.000144027,0.000152817,9.66094e-05,20900,28.3668,0.000842004,4.25
 2019-02-07 21:00:00 ,11.027,6.15,71.8,2.82901,-15.4525,15.7094,349.638,N,20.894,0,0,0,1019.73,0,0,0,0,0,0,0,-50,0,0,6.75839,0,10664.5,5572.69,3027.08,1493.8,164.449,0,-23.061,-8.718,1.295,0.000117715,0.000154092,0.000157723,9.75642e-05,24100,15.5673,0.0012075,0
 2019-02-08 00:00:00 ,10.849,6.839,76.1457,2.98865,-15.0399,15.334,348.773,N,20.8969,0,0,0,1019.61,0,0,0,0,0,0,0,-50,0,0,5.84352,0,10826.2,5568.8,3025.22,1491.74,162.47,0,-23.408,-8.49,0.978,0.000117477,0.000164887,0.000118188,6.61948e-05,24100,6.29984,0.000743311,0
 2019-02-08 03:00:00 ,10.364,6.85,78.7,2.87182,-10.4419,10.8297,344.634,N,13.7273,0,0,0,1019.31,0,0,0,0,0,0,0,-50,0,0,5.58698,0,11149.1,5561.88,3020.27,1488.14,159.935,0,-23.697,-8.62,0.768,0.00020257,0.000149959,9.12939e-05,4.073e-05,24100,-2.78559,-0.00306706,0
 2019-02-08 06:00:00 ,10.162,6.95,80.7,6.7028,-10.5885,12.5317,327.676,NW,15.5117,0,0,0,1019.96,0,0,0,0,0,0,0,-50,0,0,6.0026,0,11043.7,5565.98,3025.54,1493.93,166.371,0,-23.482,-8.65,1.019,0.000120391,0.000123909,6.30635e-05,3.28801e-05,24100,-5.22069,-0.000543417,0
 2019-02-08 09:00:00 ,12.122,6.65,69.2,4.55803,-7.12123,8.45503,327.389,NW,9.37656,0,0,0,1021.3,0,0,0,0,0,0,0,-50,0,0,5.56002,0,10907.4,5579.08,3037.01,1505.21,176.823,0,-23.398,-8.45,1.088,7.98657e-05,0.000113593,7.10474e-05,5.41086e-05,24100,172.878,0.00226316,3
 2019-02-08 12:00:00 ,13.247,6.35,63,10.931,-3.8857,11.6011,289.577,W,10.1277,0,0,0,1020.89,0,0,0,0,0,0,0,-50,0,0,5.05711,0,10835.6,5577.17,3036.57,1503.24,172.961,0,-23.616,-8.25,1.114,6.50593e-05,0.000121125,7.47456e-05,8.40559e-05,24100,269.673,0.00211842,6
 2019-02-08 15:00:00 ,13.347,6.907,64.8,7.93969,-3.43181,8.64963,293.384,W,9.03967,1,0,0,1020.63,0,0,0,0,0,0,0,-50,0,0,4.8343,1,10770.5,5579.73,3038.92,1503.39,171.202,0,-23.65,-7.65,1.3,7.97047e-05,0.000104344,7.86133e-05,0.000108458,24100,98.6298,-7.31628e-05,3
 2019-02-08 18:00:00 ,11.886,7.193,73.2,-3.35866,-10.045,10.5917,18.476,N,13.68,1,0,15,1021.74,0,0,0,0,0,0,0,-50,0,0,4.18106,0,10841.7,5591.7,3049,1513.24,182.276,0,-23.947,-7.25,1.404,9.86952e-05,8.87624e-05,9.803e-05,0.000158212,23900,4.62894,-0.00109041,4.25
 2019-02-08 21:00:00 ,11.065,8.144,82.132,-2.91672,-11.6544,12.0138,14.0385,N,14.7961,0,0,0,1022.96,0,0,0,0,0,0,0,-50,0,0,4.04181,12,11029.2,5604.53,3059.38,1523.66,194.123,0,-23.95,-6.75,1.194,9.67675e-05,8.75444e-05,5.01782e-05,5.54338e-05,21900,-2.48801,0.000605267,0
 2019-02-09 00:00:00 ,10.435,7.183,80.4,2.81119,-12.465,12.7781,347.303,N,16.2093,0,0,0,1023.17,0,0,0,0,0,0,0,-50,0,0,5.28863,0,11134.4,5610.12,3062.63,1523.92,195.239,0,-24.09,-5.95,1.043,8.96652e-05,8.00244e-05,4.91731e-05,3.83403e-05,24100,-2.17511,-0.0031,0
